10,231
10,282
10,29
10,211
10,149
10,232
10,174
8,4
8,2
8,3
105,5
105,3
105,1
96,3
96,1
95,4
95,3
95,1
26,2
26,0
12,3
12,2
12,1
11,27
11,26
11,25
11,24
11,23
11,22
11,21
11,20
11,19
11,18
11,17
11,16
11,15
11,14
11,13
11,12
11,11
11,10
11,9
11,8
11,7
11,6
11,5
11,4
11,3
11,2
11,1
10,306
10,305
10,304
10,303
10,302
10,301
10,300
10,299
10,298
10,297
10,296
10,295
20,2
10,294
20,1
10,293
20,3
10,292
10,291
10,290
10,289
10,217
10,197
10,177
10,173
10,162
10,114
10,1
10,21
10,3
10,2
26,1
26,3
19,2
9,7
19,1
9,6
9,4
9,3
9,2
19,3
9,1
8,16
8,15
8,11
8,9
8,8
18,1
8,6
18,3
8,1
3,3
3,2
3,1
2,2
2,1
2,3
0,0
106,3
106,5
106,1
106,4
103,3
103,1
103,4
100,3
100,5
100,1
